solid OpenSCAD_Model
  facet normal 0.980786 0.195089 0
    outer loop
      vertex 5 0 25
      vertex 4.6194 1.91342 -25
      vertex 4.6194 1.91342 25
    endloop
  endfacet
  facet normal 0.980786 0.195089 0
    outer loop
      vertex 4.6194 1.91342 -25
      vertex 5 0 25
      vertex 5 0 -25
    endloop
  endfacet
  facet normal 0.831467 0.555574 0
    outer loop
      vertex 4.6194 1.91342 25
      vertex 3.53553 3.53553 -25
      vertex 3.53553 3.53553 25
    endloop
  endfacet
  facet normal 0.831467 0.555574 0
    outer loop
      vertex 3.53553 3.53553 -25
      vertex 4.6194 1.91342 25
      vertex 4.6194 1.91342 -25
    endloop
  endfacet
  facet normal 0.555574 0.831467 -0
    outer loop
      vertex 3.53553 3.53553 -25
      vertex 1.91342 4.6194 25
      vertex 3.53553 3.53553 25
    endloop
  endfacet
  facet normal 0.555574 0.831467 0
    outer loop
      vertex 1.91342 4.6194 25
      vertex 3.53553 3.53553 -25
      vertex 1.91342 4.6194 -25
    endloop
  endfacet
  facet normal 0.195089 0.980786 -0
    outer loop
      vertex 1.91342 4.6194 -25
      vertex 0 5 25
      vertex 1.91342 4.6194 25
    endloop
  endfacet
  facet normal 0.195089 0.980786 0
    outer loop
      vertex 0 5 25
      vertex 1.91342 4.6194 -25
      vertex 0 5 -25
    endloop
  endfacet
  facet normal -0.195089 0.980786 0
    outer loop
      vertex 0 5 -25
      vertex -1.91342 4.6194 25
      vertex 0 5 25
    endloop
  endfacet
  facet normal -0.195089 0.980786 0
    outer loop
      vertex -1.91342 4.6194 25
      vertex 0 5 -25
      vertex -1.91342 4.6194 -25
    endloop
  endfacet
  facet normal -0.555574 0.831467 0
    outer loop
      vertex -1.91342 4.6194 -25
      vertex -3.53553 3.53553 25
      vertex -1.91342 4.6194 25
    endloop
  endfacet
  facet normal -0.555574 0.831467 0
    outer loop
      vertex -3.53553 3.53553 25
      vertex -1.91342 4.6194 -25
      vertex -3.53553 3.53553 -25
    endloop
  endfacet
  facet normal -0.831467 0.555574 0
    outer loop
      vertex -4.6194 1.91342 -25
      vertex -3.53553 3.53553 25
      vertex -3.53553 3.53553 -25
    endloop
  endfacet
  facet normal -0.831467 0.555574 0
    outer loop
      vertex -3.53553 3.53553 25
      vertex -4.6194 1.91342 -25
      vertex -4.6194 1.91342 25
    endloop
  endfacet
  facet normal -0.980786 0.195089 0
    outer loop
      vertex -5 0 -25
      vertex -4.6194 1.91342 25
      vertex -4.6194 1.91342 -25
    endloop
  endfacet
  facet normal -0.980786 0.195089 0
    outer loop
      vertex -4.6194 1.91342 25
      vertex -5 0 -25
      vertex -5 0 25
    endloop
  endfacet
  facet normal -0.980786 -0.195089 0
    outer loop
      vertex -4.6194 -1.91342 -25
      vertex -5 0 25
      vertex -5 0 -25
    endloop
  endfacet
  facet normal -0.980786 -0.195089 0
    outer loop
      vertex -5 0 25
      vertex -4.6194 -1.91342 -25
      vertex -4.6194 -1.91342 25
    endloop
  endfacet
  facet normal -0.831467 -0.555574 0
    outer loop
      vertex -3.53553 -3.53553 -25
      vertex -4.6194 -1.91342 25
      vertex -4.6194 -1.91342 -25
    endloop
  endfacet
  facet normal -0.831467 -0.555574 0
    outer loop
      vertex -4.6194 -1.91342 25
      vertex -3.53553 -3.53553 -25
      vertex -3.53553 -3.53553 25
    endloop
  endfacet
  facet normal -0.555574 -0.831467 0
    outer loop
      vertex -3.53553 -3.53553 -25
      vertex -1.91342 -4.6194 25
      vertex -3.53553 -3.53553 25
    endloop
  endfacet
  facet normal -0.555574 -0.831467 -0
    outer loop
      vertex -1.91342 -4.6194 25
      vertex -3.53553 -3.53553 -25
      vertex -1.91342 -4.6194 -25
    endloop
  endfacet
  facet normal -0.195089 -0.980786 0
    outer loop
      vertex -1.91342 -4.6194 -25
      vertex 0 -5 25
      vertex -1.91342 -4.6194 25
    endloop
  endfacet
  facet normal -0.195089 -0.980786 -0
    outer loop
      vertex 0 -5 25
      vertex -1.91342 -4.6194 -25
      vertex 0 -5 -25
    endloop
  endfacet
  facet normal 0.195089 -0.980786 0
    outer loop
      vertex 0 -5 -25
      vertex 1.91342 -4.6194 25
      vertex 0 -5 25
    endloop
  endfacet
  facet normal 0.195089 -0.980786 0
    outer loop
      vertex 1.91342 -4.6194 25
      vertex 0 -5 -25
      vertex 1.91342 -4.6194 -25
    endloop
  endfacet
  facet normal 0.555574 -0.831467 0
    outer loop
      vertex 1.91342 -4.6194 -25
      vertex 3.53553 -3.53553 25
      vertex 1.91342 -4.6194 25
    endloop
  endfacet
  facet normal 0.555574 -0.831467 0
    outer loop
      vertex 3.53553 -3.53553 25
      vertex 1.91342 -4.6194 -25
      vertex 3.53553 -3.53553 -25
    endloop
  endfacet
  facet normal 0.831467 -0.555574 0
    outer loop
      vertex 3.53553 -3.53553 25
      vertex 4.6194 -1.91342 -25
      vertex 4.6194 -1.91342 25
    endloop
  endfacet
  facet normal 0.831467 -0.555574 0
    outer loop
      vertex 4.6194 -1.91342 -25
      vertex 3.53553 -3.53553 25
      vertex 3.53553 -3.53553 -25
    endloop
  endfacet
  facet normal 0.980786 -0.195089 0
    outer loop
      vertex 4.6194 -1.91342 25
      vertex 5 0 -25
      vertex 5 0 25
    endloop
  endfacet
  facet normal 0.980786 -0.195089 0
    outer loop
      vertex 5 0 -25
      vertex 4.6194 -1.91342 25
      vertex 4.6194 -1.91342 -25
    endloop
  endfacet
  facet normal 0 0 -1
    outer loop
      vertex 4.6194 -1.91342 -25
      vertex 4.6194 1.91342 -25
      vertex 5 0 -25
    endloop
  endfacet
  facet normal 0 0 -1
    outer loop
      vertex 3.53553 -3.53553 -25
      vertex 4.6194 1.91342 -25
      vertex 4.6194 -1.91342 -25
    endloop
  endfacet
  facet normal 0 0 -1
    outer loop
      vertex 3.53553 -3.53553 -25
      vertex 3.53553 3.53553 -25
      vertex 4.6194 1.91342 -25
    endloop
  endfacet
  facet normal 0 0 -1
    outer loop
      vertex 1.91342 -4.6194 -25
      vertex 3.53553 3.53553 -25
      vertex 3.53553 -3.53553 -25
    endloop
  endfacet
  facet normal 0 0 -1
    outer loop
      vertex 1.91342 -4.6194 -25
      vertex 1.91342 4.6194 -25
      vertex 3.53553 3.53553 -25
    endloop
  endfacet
  facet normal 0 0 -1
    outer loop
      vertex 0 -5 -25
      vertex 1.91342 4.6194 -25
      vertex 1.91342 -4.6194 -25
    endloop
  endfacet
  facet normal 0 0 -1
    outer loop
      vertex 0 -5 -25
      vertex 0 5 -25
      vertex 1.91342 4.6194 -25
    endloop
  endfacet
  facet normal 0 0 -1
    outer loop
      vertex -1.91342 -4.6194 -25
      vertex 0 5 -25
      vertex 0 -5 -25
    endloop
  endfacet
  facet normal 0 0 -1
    outer loop
      vertex -1.91342 -4.6194 -25
      vertex -1.91342 4.6194 -25
      vertex 0 5 -25
    endloop
  endfacet
  facet normal 0 0 -1
    outer loop
      vertex -3.53553 -3.53553 -25
      vertex -1.91342 4.6194 -25
      vertex -1.91342 -4.6194 -25
    endloop
  endfacet
  facet normal 0 0 -1
    outer loop
      vertex -3.53553 -3.53553 -25
      vertex -3.53553 3.53553 -25
      vertex -1.91342 4.6194 -25
    endloop
  endfacet
  facet normal 0 0 -1
    outer loop
      vertex -4.6194 -1.91342 -25
      vertex -3.53553 3.53553 -25
      vertex -3.53553 -3.53553 -25
    endloop
  endfacet
  facet normal 0 0 -1
    outer loop
      vertex -4.6194 -1.91342 -25
      vertex -4.6194 1.91342 -25
      vertex -3.53553 3.53553 -25
    endloop
  endfacet
  facet normal 0 -0 -1
    outer loop
      vertex -4.6194 1.91342 -25
      vertex -4.6194 -1.91342 -25
      vertex -5 0 -25
    endloop
  endfacet
  facet normal 0 0 1
    outer loop
      vertex 4.6194 1.91342 25
      vertex 4.6194 -1.91342 25
      vertex 5 0 25
    endloop
  endfacet
  facet normal 0 0 1
    outer loop
      vertex 3.53553 3.53553 25
      vertex 4.6194 -1.91342 25
      vertex 4.6194 1.91342 25
    endloop
  endfacet
  facet normal 0 0 1
    outer loop
      vertex 3.53553 3.53553 25
      vertex 3.53553 -3.53553 25
      vertex 4.6194 -1.91342 25
    endloop
  endfacet
  facet normal 0 0 1
    outer loop
      vertex 1.91342 4.6194 25
      vertex 3.53553 -3.53553 25
      vertex 3.53553 3.53553 25
    endloop
  endfacet
  facet normal 0 0 1
    outer loop
      vertex 1.91342 4.6194 25
      vertex 1.91342 -4.6194 25
      vertex 3.53553 -3.53553 25
    endloop
  endfacet
  facet normal 0 0 1
    outer loop
      vertex 0 5 25
      vertex 1.91342 -4.6194 25
      vertex 1.91342 4.6194 25
    endloop
  endfacet
  facet normal 0 0 1
    outer loop
      vertex 0 5 25
      vertex 0 -5 25
      vertex 1.91342 -4.6194 25
    endloop
  endfacet
  facet normal -0 0 1
    outer loop
      vertex -1.91342 4.6194 25
      vertex 0 -5 25
      vertex 0 5 25
    endloop
  endfacet
  facet normal 0 0 1
    outer loop
      vertex -1.91342 4.6194 25
      vertex -1.91342 -4.6194 25
      vertex 0 -5 25
    endloop
  endfacet
  facet normal -0 0 1
    outer loop
      vertex -3.53553 3.53553 25
      vertex -1.91342 -4.6194 25
      vertex -1.91342 4.6194 25
    endloop
  endfacet
  facet normal 0 0 1
    outer loop
      vertex -3.53553 3.53553 25
      vertex -3.53553 -3.53553 25
      vertex -1.91342 -4.6194 25
    endloop
  endfacet
  facet normal -0 0 1
    outer loop
      vertex -4.6194 1.91342 25
      vertex -3.53553 -3.53553 25
      vertex -3.53553 3.53553 25
    endloop
  endfacet
  facet normal 0 0 1
    outer loop
      vertex -4.6194 1.91342 25
      vertex -4.6194 -1.91342 25
      vertex -3.53553 -3.53553 25
    endloop
  endfacet
  facet normal 0 -0 1
    outer loop
      vertex -4.6194 -1.91342 25
      vertex -4.6194 1.91342 25
      vertex -5 0 25
    endloop
  endfacet
endsolid OpenSCAD_Model
